256
32
gfx/blocks.png
   -1    -1    -1    -1    -1    -1    -1    -1    -1    -1   148   182  8346  8380   150   184  8344  8378   360   394   360   394   428   462   496   530   360   394   428   462   496   530 
   -1    -1    -1    -1    -1    -1    -1    -1    -1    -1   149   183  8347  8381   151   185  8345  8379   361   395   361   395   429   463   497   531   361   395   429   463   497   531 
   -1    -1    -1    -1    -1    -1    26    60    94   128  8348  8382   150   184  8346  8380   152   186   362   396   362   396   430   464   498   532   362   396   430   464   498   532 
   -1    -1    -1    -1    -1    -1    27    61    95   129  8349  8383   151   185  8347  8381   153   187   363   397   363   397   431   465   499   533   363   397   431   465   499   533 
   -1    -1    -1    -1    -1    -1    -1    -1 16400 16408   148   182  8346  8380   150   184  8224  8258  8224  8258    68   102   364   398   432   466   500   534   364   398   500   534 
   -1    -1    -1    -1    -1    -1    -1    -1 16401 16409   149   183  8347  8381   151   185  8225  8259  8225  8259    69   103   365   399   433   467   501   535   365   399   501   535 
   -1    -1    -1    -1    -1    -1    -1    -1    -1    -1   148   182   150   184     0    34   228   262    -1    -1    -1    -1   476   510   408   442   408   442   408   442   366   400 
   -1    -1    -1    -1    -1    -1    -1    -1    -1    -1   149   183   151   185     1    35   229   263    -1    -1    -1    -1   477   511   409   443   409   443   409   443   367   401 
   -1    -1    -1    -1    -1    -1    -1    -1  8478  8512  8348  8382     0    34   296   330    -1    -1    -1    -1    -1    -1   478   512 16436 16444   408   442   480   514   360   394 
   -1    -1    -1    -1    -1    -1    -1    -1  8479  8513  8349  8383     1    35   297   331    -1    -1    -1    -1    -1    -1   479   513 16437 16445   409   443   481   515   361   395 
   -1    -1    -1    -1    -1    -1    -1    -1    -1    -1  8224  8258   236   270    -1    -1    -1    -1    -1    -1    -1    -1   476   510   408   442   408   442   408   442   362   396 
   -1    -1    -1    -1    -1    -1    -1    -1    -1    -1  8225  8259   237   271    -1    -1    -1    -1    -1    -1    -1    -1   477   511   409   443   409   443   409   443   363   397 
   -1    -1    -1    -1    -1    -1    -1    -1    -1    -1  8218  8252    -1    -1    -1    -1    -1    -1    -1    -1    -1    -1   478   512   408   442   408   442   484   518   364   398 
   -1    -1    -1    -1    -1    -1    -1    -1    -1    -1  8219  8253    -1    -1    -1    -1    -1    -1    -1    -1    -1    -1   479   513   409   443   409   443   485   519   365   399 
   -1    -1    -1    -1    -1    -1    -1    -1    -1    -1  8220  8254    -1    -1    -1    -1    -1    -1    -1    -1    -1    -1   476   510   408   442   408   442   408   442   366   400 
   -1    -1    -1    -1    -1    -1    -1    -1    -1    -1  8221  8255    -1    -1    -1    -1    -1    -1    -1    -1    -1    -1   477   511   409   443   409   443   409   443   367   401 
   -1    -1    -1    -1    70   104    -1    -1    -1    -1  8220  8254    -1    -1    -1    -1    -1    -1    -1    -1    -1    -1   478   512   408   442 16402 16410   408   442   368   402 
   -1    -1    -1    -1    71   105    -1    -1    -1    -1  8221  8255    -1    -1    -1    -1    -1    -1    -1    -1    -1    -1   479   513   409   443 16403 16411   409   443   369   403 
   -1    -1    -1    -1    -1    -1    -1    -1    -1    -1  8220  8254    -1    -1    -1    -1    -1    -1    -1    -1    -1    -1   476   510   408   442   408   442   408   442   360   394 
   -1    -1    -1    -1    -1    -1    -1    -1    -1    -1  8221  8255    -1    -1    -1    -1    -1    -1    -1    -1    -1    -1   477   511   409   443   409   443   409   443   361   395 
   -1    -1    -1    -1    -1    -1    -1    -1    -1    -1  8220  8254    -1    -1    -1    -1    -1    -1    -1    -1    -1    -1   478   512   408   442   418   452   486   520   362   396 
   -1    -1    -1    -1    -1    -1    -1    -1    -1    -1  8221  8255    -1    -1    -1    -1    -1    -1    -1    -1    -1    -1   479   513   409   443   419   453   487   521   363   397 
   -1    -1 16464 16472    -1    -1    -1    -1    -1    -1  8222  8256    -1    -1    -1    -1    -1    -1    -1    -1    -1    -1   478   512   408   442   420   454   488   522   364   398 
   -1    -1 16465 16473    -1    -1    -1    -1    -1    -1  8223  8257    -1    -1    -1    -1    -1    -1    -1    -1    -1    -1   479   513   409   443   421   455   489   523   365   399 
    0    34     0    34    -1    -1    -1    -1 16448 16456  8224  8258  8224  8258  8224  8258  8224  8258     0    34   214   248  8292  8326   360   394   428   462   360   394   366   400 
    1    35     1    35    -1    -1    -1    -1 16449 16457  8225  8259  8225  8259  8225  8259  8225  8259     1    35   215   249  8293  8327   361   395   429   463   361   395   367   401 
  434   468     0    34    -1    -1    -1    -1    -1    -1  8224  8258   150   184   150   184   152   186   164   198    -1    -1    -1    -1    -1    -1 16416 16424   362   396   368   402 
  435   469     1    35    -1    -1    -1    -1    -1    -1  8225  8259   151   185   151   185   153   187   165   199    -1    -1    -1    -1    -1    -1 16417 16425   363   397   369   403 
  436   470     0    34    -1    -1    -1    -1    -1    -1    -1    -1  8224  8258   150   184   152   186   166   200    -1    -1   230   264    -1    -1   232   266   364   398   432   466 
  437   471     1    35    -1    -1    -1    -1    -1    -1    -1    -1  8225  8259   151   185   153   187   167   201    -1    -1   231   265    -1    -1   233   267   365   399   433   467 
 8536  8570  8604  8638     0    34  4312  4346    -1    -1    -1    -1  8224  8258   150   184   150   184  8344  8378   164   198   164   198    -1    -1    -1    -1   366   400   434   468 
 8537  8571  8605  8639     1    35  4313  4347    -1    -1    -1    -1  8225  8259   151   185   151   185  8345  8379   165   199   165   199    -1    -1    -1    -1   367   401   435   469 
 8538  8572  8606  8640     0    34    -1    -1    -1    -1    -1    -1    -1    -1  8224  8258   150   184  8344  8378   166   200   166   200    -1    -1  8600  8634   150   184   436   470 
 8539  8573  8607  8641     1    35    -1    -1    -1    -1    -1    -1    -1    -1  8225  8259   151   185  8345  8379   167   201   167   201    -1    -1  8601  8635   151   185   437   471 
 8540  8574  8608  8642   434   468     0    34    -1    -1    -1    -1    72   106  8224  8258   150   184  8344  8378   160   194   160   194    -1    -1  8602  8636   150   184   160   194 
 8541  8575  8609  8643   435   469     1    35    -1    -1    -1    -1    73   107  8225  8259   151   185  8345  8379   161   195   161   195    -1    -1  8603  8637   151   185   161   195 
 8542  8576  8610  8644   436   470     0    34    -1    -1    -1    -1    -1    -1  8484  8518  8224  8258  8344  8378   162   196   162   196    -1    -1    -1    -1   150   184   162   196 
 8543  8577  8611  8645   437   471     1    35    -1    -1    -1    -1    -1    -1  8485  8519  8225  8259  8345  8379   163   197   163   197    -1    -1    -1    -1   151   185   163   197 
 8544  8578  8612  8646  8536  8570  8604  8638     0    34    -1    -1    -1    -1    -1    -1  8224  8258   150   184  8344  8378    -1    -1    -1    -1   272   306   150   184   150   184 
 8545  8579  8613  8647  8537  8571  8605  8639     1    35    -1    -1    -1    -1    -1    -1  8225  8259   151   185  8345  8379    -1    -1    -1    -1   273   307   151   185   151   185 
  360   394   428   462  8538  8572  8606  8640     0    34    -1    -1    -1    -1    -1    -1     0    34   150   184   150   184  8668  8702    -1    -1    70   104    -1    -1   150   184 
  361   395   429   463  8539  8573  8607  8641     1    35    -1    -1    -1    -1    -1    -1     1    35   151   185   151   185  8669  8703    -1    -1    71   105    -1    -1   151   185 
  362   396   430   464  8540  8574  8608  8642     0    34    -1    -1    -1    -1    -1    -1     0    34   150   184   150   184   168   202    -1    -1    -1    -1 16432 16440   150   184 
  363   397   431   465  8541  8575  8609  8643     1    35    -1    -1    -1    -1    -1    -1     1    35   151   185   151   185   169   203    -1    -1    -1    -1 16433 16441   151   185 
  364   398   432   466  8542  8576  8610  8644     0    34    -1    -1   206   240   274   308     0    34   150   184   150   184   508   542    -1    -1    -1    -1    -1    -1   150   184 
  365   399   433   467  8543  8577  8611  8645     1    35    -1    -1   207   241   275   309     1    35   151   185   151   185   509   543    -1    -1    -1    -1    -1    -1   151   185 
  366   400   434   468  8544  8578  8612  8646     0    34    -1    -1   208   242   276   310     0    34   150   184     0    34    -1    -1    -1    -1    -1    -1    -1    -1   150   184 
  367   401   435   469  8545  8579  8613  8647     1    35    -1    -1   209   243   277   311     1    35   151   185     1    35    -1    -1    -1    -1    -1    -1    -1    -1   151   185 
 8538  8572  8606  8640  8538  8572  8606  8640     0    34    -1    -1    -1    -1    -1    -1     0    34     0    34     0    34    -1    -1    -1    -1    -1    -1    -1    -1     0    34 
 8539  8573  8607  8641  8539  8573  8607  8641     1    35    -1    -1    -1    -1    -1    -1     1    35     1    35     1    35    -1    -1    -1    -1    -1    -1    -1    -1     1    35 
 8540  8574  8608  8642  8540  8574  8608  8642     0    34    -1    -1    -1    -1    -1    -1    70   104    -1    -1    -1    -1    -1    -1    70   104    -1    -1    -1    -1     0    34 
 8541  8575  8609  8643  8541  8575  8609  8643     1    35    -1    -1    -1    -1    -1    -1    71   105    -1    -1    -1    -1    -1    -1    71   105    -1    -1    -1    -1     1    35 
 8542  8576  8610  8644  8542  8576  8610  8644     0    34    -1    -1    -1    -1    -1    -1    -1    -1    -1    -1    70   104     0    34    -1    -1    -1    -1    -1    -1     0    34 
 8543  8577  8611  8645  8543  8577  8611  8645     1    35    -1    -1    -1    -1    -1    -1    -1    -1    -1    -1    71   105     1    35    -1    -1    -1    -1    -1    -1     1    35 
 8544  8578  8612  8646  8544  8578  8612  8646     0    34     0    34     0    34     0    34     0    34     0    34     0    34     0    34     0    34     0    34     0    34     0    34 
 8545  8579  8613  8647  8545  8579  8613  8647     1    35     1    35     1    35     1    35     1    35     1    35     1    35     1    35     1    35     1    35     1    35     1    35 
 8538  8572  8606  8640  8538  8572  8606  8640  8538  8572  8538  8572  8538  8572  8606  8640  8538  8572  8606  8640  8538  8572  8606  8640  8538  8572  8538  8572  8606  8640  8606  8640 
 8539  8573  8607  8641  8539  8573  8607  8641  8539  8573  8539  8573  8539  8573  8607  8641  8539  8573  8607  8641  8539  8573  8607  8641  8539  8573  8539  8573  8607  8641  8607  8641 
 8540  8574  8608  8642  8540  8574  8608  8642  8540  8574  8540  8574  8540  8574  8608  8642  8540  8574  8608  8642  8540  8574  8608  8642  8540  8574  8540  8574  8608  8642  8608  8642 
 8541  8575  8609  8643  8541  8575  8609  8643  8541  8575  8541  8575  8541  8575  8609  8643  8541  8575  8609  8643  8541  8575  8609  8643  8541  8575  8541  8575  8609  8643  8609  8643 
 8542  8576  8610  8644  8542  8576  8610  8644  8542  8576  8542  8576  8542  8576  8610  8644  8542  8576  8610  8644  8542  8576  8610  8644  8542  8576  8542  8576  8610  8644  8610  8644 
 8543  8577  8611  8645  8543  8577  8611  8645  8543  8577  8543  8577  8543  8577  8611  8645  8543  8577  8611  8645  8543  8577  8611  8645  8543  8577  8543  8577  8611  8645  8611  8645 
 8544  8578  8612  8646  8544  8578  8612  8646  8544  8578  8544  8578  8544  8578  8612  8646  8544  8578  8612  8646  8544  8578  8612  8646  8544  8578  8544  8578  8612  8646  8612  8646 
 8545  8579  8613  8647  8545  8579  8613  8647  8545  8579  8545  8579  8545  8579  8613  8647  8545  8579  8613  8647  8545  8579  8613  8647  8545  8579  8545  8579  8613  8647  8613  8647 
 8538  8572  8606  8640  8538  8572  8606  8640  8538  8572  8606  8640  8538  8572  8606  8640  8538  8572  8606  8640  8538  8572  8606  8640  8538  8572  8606  8640  8538  8572  8606  8640 
 8539  8573  8607  8641  8539  8573  8607  8641  8539  8573  8607  8641  8539  8573  8607  8641  8539  8573  8607  8641  8539  8573  8607  8641  8539  8573  8607  8641  8539  8573  8607  8641 
 8540  8574  8608  8642  8540  8574  8608  8642  8540  8574  8608  8642  8540  8574  8608  8642  8540  8574  8608  8642  8540  8574  8608  8642  8540  8574  8608  8642  8540  8574  8608  8642 
 8541  8575  8609  8643  8541  8575  8609  8643  8541  8575  8609  8643  8541  8575  8609  8643  8541  8575  8609  8643  8541  8575  8609  8643  8541  8575  8609  8643  8541  8575  8609  8643 
 8542  8576  8610  8644  8542  8576  8610  8644  8542  8576  8610  8644  8542  8576  8610  8644  8542  8576  8610  8644  8542  8576  8610  8644  8542  8576  8610  8644  8542  8576  8610  8644 
 8543  8577  8611  8645  8543  8577  8611  8645  8543  8577  8611  8645  8543  8577  8611  8645  8543  8577  8611  8645  8543  8577  8611  8645  8543  8577  8611  8645  8543  8577  8611  8645 
 8544  8578  8612  8646  8544  8578  8612  8646  8544  8578  8612  8646  8544  8578  8612  8646  8544  8578  8612  8646  8544  8578  8612  8646  8544  8578  8612  8646  8544  8578  8612  8646 
 8545  8579  8613  8647  8545  8579  8613  8647  8545  8579  8613  8647  8545  8579  8613  8647  8545  8579  8613  8647  8545  8579  8613  8647  8545  8579  8613  8647  8545  8579  8613  8647 
 8538  8572  8606  8640  8538  8572  8606  8640  8538  8572  8606  8640  8538  8572  8606  8640  8538  8572  8606  8640  8538  8572  8606  8640  8538  8572  8606  8640  8538  8572  8606  8640 
 8539  8573  8607  8641  8539  8573  8607  8641  8539  8573  8607  8641  8539  8573  8607  8641  8539  8573  8607  8641  8539  8573  8607  8641  8539  8573  8607  8641  8539  8573  8607  8641 
 8540  8574  8608  8642  8540  8574  8608  8642  8540  8574  8608  8642  8540  8574  8608  8642  8540  8574  8608  8642  8540  8574  8608  8642  8540  8574  8608  8642  8540  8574  8608  8642 
 8541  8575  8609  8643  8541  8575  8609  8643  8541  8575  8609  8643  8541  8575  8609  8643  8541  8575  8609  8643  8541  8575  8609  8643  8541  8575  8609  8643  8541  8575  8609  8643 
 8542  8576  8610  8644  8542  8576  8610  8644  8542  8576  8610  8644  8542  8576  8610  8644  8542  8576  8610  8644  8542  8576  8610  8644  8542  8576  8610  8644  8542  8576  8610  8644 
 8543  8577  8611  8645  8543  8577  8611  8645  8543  8577  8611  8645  8543  8577  8611  8645  8543  8577  8611  8645  8543  8577  8611  8645  8543  8577  8611  8645  8543  8577  8611  8645 
 8544  8578  8612  8646  8544  8578  8612  8646  8544  8578  8612  8646  8544  8578  8612  8646  8544  8578  8612  8646  8544  8578  8612  8646  8544  8578  8612  8646  8544  8578  8612  8646 
 8545  8579  8613  8647  8545  8579  8613  8647  8545  8579  8613  8647  8545  8579  8613  8647  8545  8579  8613  8647  8545  8579  8613  8647  8545  8579  8613  8647  8545  8579  8613  8647 
   -1    -1    -1    -1    -1    -1    -1    -1    -1    -1    -1    -1    -1    -1    -1    -1    -1    -1    -1    -1    -1    -1    -1    -1    -1    -1    -1    -1    -1    -1    -1    -1 
   -1    -1    -1    -1    -1    -1    -1    -1    -1    -1    -1    -1    -1    -1    -1    -1    -1    -1    -1    -1    -1    -1    -1    -1    -1    -1    -1    -1    -1    -1    -1    -1 
   -1    -1    -1    -1    -1    -1    -1    -1    -1    -1    -1    -1    -1    -1    -1    -1    -1    -1    -1    -1    -1    -1    -1    -1    -1    -1    -1    -1    -1    -1    -1    -1 
   -1    -1    -1    -1    -1    -1    -1    -1    -1    -1    -1    -1    -1    -1    -1    -1    -1    -1    -1    -1    -1    -1    -1    -1    -1    -1    -1    -1    -1    -1    -1    -1 
   -1    -1    -1    -1    -1    -1    -1    -1    -1    -1    -1    -1    -1    -1    -1    -1    -1    -1    -1    -1    -1    -1    -1    -1    -1    -1    -1    -1    -1    -1    -1    -1 
   -1    -1    -1    -1    -1    -1    -1    -1    -1    -1    -1    -1    -1    -1    -1    -1    -1    -1    -1    -1    -1    -1    -1    -1    -1    -1    -1    -1    -1    -1    -1    -1 
   -1    -1    -1    -1    -1    -1    -1    -1    -1    -1    -1    -1    -1    -1    -1    -1    -1    -1    -1    -1    -1    -1    -1    -1    -1    -1    -1    -1    -1    -1    -1    -1 
   -1    -1    -1    -1    -1    -1    -1    -1    -1    -1    -1    -1    -1    -1    -1    -1    -1    -1    -1    -1    -1    -1    -1    -1    -1    -1    -1    -1    -1    -1    -1    -1 
   -1    -1    -1    -1    -1    -1    -1    -1    -1    -1    -1    -1    -1    -1    -1    -1    -1    -1    -1    -1    -1    -1    -1    -1    -1    -1    -1    -1    -1    -1    -1    -1 
   -1    -1    -1    -1    -1    -1    -1    -1    -1    -1    -1    -1    -1    -1    -1    -1    -1    -1    -1    -1    -1    -1    -1    -1    -1    -1    -1    -1    -1    -1    -1    -1 
   -1    -1    -1    -1    -1    -1    -1    -1    -1    -1    -1    -1    -1    -1    -1    -1    -1    -1    -1    -1    -1    -1    -1    -1    -1    -1    -1    -1    -1    -1    -1    -1 
   -1    -1    -1    -1    -1    -1    -1    -1    -1    -1    -1    -1    -1    -1    -1    -1    -1    -1    -1    -1    -1    -1    -1    -1    -1    -1    -1    -1    -1    -1    -1    -1 
   -1    -1    -1    -1    -1    -1    -1    -1    -1    -1    -1    -1    -1    -1    -1    -1    -1    -1    -1    -1    -1    -1    -1    -1    -1    -1    -1    -1    -1    -1    -1    -1 
   -1    -1    -1    -1    -1    -1    -1    -1    -1    -1    -1    -1    -1    -1    -1    -1    -1    -1    -1    -1    -1    -1    -1    -1    -1    -1    -1    -1    -1    -1    -1    -1 
   -1    -1    -1    -1    -1    -1    -1    -1    -1    -1    -1    -1    -1    -1    -1    -1    -1    -1    -1    -1    -1    -1    -1    -1    -1    -1    -1    -1    -1    -1    -1    -1 
   -1    -1    -1    -1    -1    -1    -1    -1    -1    -1    -1    -1    -1    -1    -1    -1    -1    -1    -1    -1    -1    -1    -1    -1    -1    -1    -1    -1    -1    -1    -1    -1 
   -1    -1    -1    -1    -1    -1    -1    -1    -1    -1    -1    -1    -1    -1    -1    -1    -1    -1    -1    -1    -1    -1    -1    -1    -1    -1    -1    -1    -1    -1    -1    -1 
   -1    -1    -1    -1    -1    -1    -1    -1    -1    -1    -1    -1    -1    -1    -1    -1    -1    -1    -1    -1    -1    -1    -1    -1    -1    -1    -1    -1    -1    -1    -1    -1 
   -1    -1    -1    -1    -1    -1    -1    -1    -1    -1    -1    -1    -1    -1    -1    -1    -1    -1    -1    -1    -1    -1    -1    -1    -1    -1    -1    -1    -1    -1    -1    -1 
   -1    -1    -1    -1    -1    -1    -1    -1    -1    -1    -1    -1    -1    -1    -1    -1    -1    -1    -1    -1    -1    -1    -1    -1    -1    -1    -1    -1    -1    -1    -1    -1 
   -1    -1    -1    -1    -1    -1    -1    -1    -1    -1    -1    -1    -1    -1    -1    -1    -1    -1    -1    -1    -1    -1    -1    -1    -1    -1    -1    -1    -1    -1    -1    -1 
   -1    -1    -1    -1    -1    -1    -1    -1    -1    -1    -1    -1    -1    -1    -1    -1    -1    -1    -1    -1    -1    -1    -1    -1    -1    -1    -1    -1    -1    -1    -1    -1 
   -1    -1    -1    -1    -1    -1    -1    -1    -1    -1    -1    -1    -1    -1    -1    -1    -1    -1    -1    -1    -1    -1    -1    -1    -1    -1    -1    -1    -1    -1    -1    -1 
   -1    -1    -1    -1    -1    -1    -1    -1    -1    -1    -1    -1    -1    -1    -1    -1    -1    -1    -1    -1    -1    -1    -1    -1    -1    -1    -1    -1    -1    -1    -1    -1 
   -1    -1    -1    -1    -1    -1    -1    -1    -1    -1    -1    -1    -1    -1    -1    -1    -1    -1    -1    -1    -1    -1    -1    -1    -1    -1    -1    -1    -1    -1    -1    -1 
   -1    -1    -1    -1    -1    -1    -1    -1    -1    -1    -1    -1    -1    -1    -1    -1    -1    -1    -1    -1    -1    -1    -1    -1    -1    -1    -1    -1    -1    -1    -1    -1 
   -1    -1    -1    -1    -1    -1    -1    -1    -1    -1    -1    -1    -1    -1    -1    -1    -1    -1    -1    -1    -1    -1    -1    -1    -1    -1    -1    -1    -1    -1    -1    -1 
   -1    -1    -1    -1    -1    -1    -1    -1    -1    -1    -1    -1    -1    -1    -1    -1    -1    -1    -1    -1    -1    -1    -1    -1    -1    -1    -1    -1    -1    -1    -1    -1 
   -1    -1    -1    -1    -1    -1    -1    -1    -1    -1    -1    -1    -1    -1    -1    -1    -1    -1    -1    -1    -1    -1    -1    -1    -1    -1    -1    -1    -1    -1    -1    -1 
   -1    -1    -1    -1    -1    -1    -1    -1    -1    -1    -1    -1    -1    -1    -1    -1    -1    -1    -1    -1    -1    -1    -1    -1    -1    -1    -1    -1    -1    -1    -1    -1 
   -1    -1    -1    -1    -1    -1    -1    -1    -1    -1    -1    -1    -1    -1    -1    -1    -1    -1    -1    -1    -1    -1    -1    -1    -1    -1    -1    -1    -1    -1    -1    -1 
   -1    -1    -1    -1    -1    -1    -1    -1    -1    -1    -1    -1    -1    -1    -1    -1    -1    -1    -1    -1    -1    -1    -1    -1    -1    -1    -1    -1    -1    -1    -1    -1 
   -1    -1    -1    -1    -1    -1    -1    -1    -1    -1    -1    -1    -1    -1    -1    -1    -1    -1    -1    -1    -1    -1    -1    -1    -1    -1    -1    -1    -1    -1    -1    -1 
   -1    -1    -1    -1    -1    -1    -1    -1    -1    -1    -1    -1    -1    -1    -1    -1    -1    -1    -1    -1    -1    -1    -1    -1    -1    -1    -1    -1    -1    -1    -1    -1 
   -1    -1    -1    -1    -1    -1    -1    -1    -1    -1    -1    -1    -1    -1    -1    -1    -1    -1    -1    -1    -1    -1    -1    -1    -1    -1    -1    -1    -1    -1    -1    -1 
   -1    -1    -1    -1    -1    -1    -1    -1    -1    -1    -1    -1    -1    -1    -1    -1    -1    -1    -1    -1    -1    -1    -1    -1    -1    -1    -1    -1    -1    -1    -1    -1 
   -1    -1    -1    -1    -1    -1    -1    -1    -1    -1    -1    -1    -1    -1    -1    -1    -1    -1    -1    -1    -1    -1    -1    -1    -1    -1    -1    -1    -1    -1    -1    -1 
   -1    -1    -1    -1    -1    -1    -1    -1    -1    -1    -1    -1    -1    -1    -1    -1    -1    -1    -1    -1    -1    -1    -1    -1    -1    -1    -1    -1    -1    -1    -1    -1 
   -1    -1    -1    -1    -1    -1    -1    -1    -1    -1    -1    -1    -1    -1    -1    -1    -1    -1    -1    -1    -1    -1    -1    -1    -1    -1    -1    -1    -1    -1    -1    -1 
   -1    -1    -1    -1    -1    -1    -1    -1    -1    -1    -1    -1    -1    -1    -1    -1    -1    -1    -1    -1    -1    -1    -1    -1    -1    -1    -1    -1    -1    -1    -1    -1 
   -1    -1    -1    -1    -1    -1    -1    -1    -1    -1    -1    -1    -1    -1    -1    -1    -1    -1    -1    -1    -1    -1    -1    -1    -1    -1    -1    -1    -1    -1    -1    -1 
   -1    -1    -1    -1    -1    -1    -1    -1    -1    -1    -1    -1    -1    -1    -1    -1    -1    -1    -1    -1    -1    -1    -1    -1    -1    -1    -1    -1    -1    -1    -1    -1 
   -1    -1    -1    -1    -1    -1    -1    -1    -1    -1    -1    -1    -1    -1    -1    -1    -1    -1    -1    -1    -1    -1    -1    -1    -1    -1    -1    -1    -1    -1    -1    -1 
   -1    -1    -1    -1    -1    -1    -1    -1    -1    -1    -1    -1    -1    -1    -1    -1    -1    -1    -1    -1    -1    -1    -1    -1    -1    -1    -1    -1    -1    -1    -1    -1 
   -1    -1    -1    -1    -1    -1    -1    -1    -1    -1    -1    -1    -1    -1    -1    -1    -1    -1    -1    -1    -1    -1    -1    -1    -1    -1    -1    -1    -1    -1    -1    -1 
   -1    -1    -1    -1    -1    -1    -1    -1    -1    -1    -1    -1    -1    -1    -1    -1    -1    -1    -1    -1    -1    -1    -1    -1    -1    -1    -1    -1    -1    -1    -1    -1 
   -1    -1    -1    -1    -1    -1    -1    -1    -1    -1    -1    -1    -1    -1    -1    -1    -1    -1    -1    -1    -1    -1    -1    -1    -1    -1    -1    -1    -1    -1    -1    -1 
   -1    -1    -1    -1    -1    -1    -1    -1    -1    -1    -1    -1    -1    -1    -1    -1    -1    -1    -1    -1    -1    -1    -1    -1    -1    -1    -1    -1    -1    -1    -1    -1 
   -1    -1    -1    -1    -1    -1    -1    -1    -1    -1    -1    -1    -1    -1    -1    -1    -1    -1    -1    -1    -1    -1    -1    -1    -1    -1    -1    -1    -1    -1    -1    -1 
   -1    -1    -1    -1    -1    -1    -1    -1    -1    -1    -1    -1    -1    -1    -1    -1    -1    -1    -1    -1    -1    -1    -1    -1    -1    -1    -1    -1    -1    -1    -1    -1 
   -1    -1    -1    -1    -1    -1    -1    -1    -1    -1    -1    -1    -1    -1    -1    -1    -1    -1    -1    -1    -1    -1    -1    -1    -1    -1    -1    -1    -1    -1    -1    -1 
   -1    -1    -1    -1    -1    -1    -1    -1    -1    -1    -1    -1    -1    -1    -1    -1    -1    -1    -1    -1    -1    -1    -1    -1    -1    -1    -1    -1    -1    -1    -1    -1 
   -1    -1    -1    -1    -1    -1    -1    -1    -1    -1    -1    -1    -1    -1    -1    -1    -1    -1    -1    -1    -1    -1    -1    -1    -1    -1    -1    -1    -1    -1    -1    -1 
   -1    -1    -1    -1    -1    -1    -1    -1    -1    -1    -1    -1    -1    -1    -1    -1    -1    -1    -1    -1    -1    -1    -1    -1    -1    -1    -1    -1    -1    -1    -1    -1 
   -1    -1    -1    -1    -1    -1    -1    -1    -1    -1    -1    -1    -1    -1    -1    -1    -1    -1    -1    -1    -1    -1    -1    -1    -1    -1    -1    -1    -1    -1    -1    -1 
   -1    -1    -1    -1    -1    -1    -1    -1    -1    -1    -1    -1    -1    -1    -1    -1    -1    -1    -1    -1    -1    -1    -1    -1    -1    -1    -1    -1    -1    -1    -1    -1 
   -1    -1    -1    -1    -1    -1    -1    -1    -1    -1    -1    -1    -1    -1    -1    -1    -1    -1    -1    -1    -1    -1    -1    -1    -1    -1    -1    -1    -1    -1    -1    -1 
   -1    -1    -1    -1    -1    -1    -1    -1    -1    -1    -1    -1    -1    -1    -1    -1    -1    -1    -1    -1    -1    -1    -1    -1    -1    -1    -1    -1    -1    -1    -1    -1 
   -1    -1    -1    -1    -1    -1    -1    -1    -1    -1    -1    -1    -1    -1    -1    -1    -1    -1    -1    -1    -1    -1    -1    -1    -1    -1    -1    -1    -1    -1    -1    -1 
   -1    -1    -1    -1    -1    -1    -1    -1    -1    -1    -1    -1    -1    -1    -1    -1    -1    -1    -1    -1    -1    -1    -1    -1    -1    -1    -1    -1    -1    -1    -1    -1 
   -1    -1    -1    -1    -1    -1    -1    -1    -1    -1    -1    -1    -1    -1    -1    -1    -1    -1    -1    -1    -1    -1    -1    -1    -1    -1    -1    -1    -1    -1    -1    -1 
   -1    -1    -1    -1    -1    -1    -1    -1    -1    -1    -1    -1    -1    -1    -1    -1    -1    -1    -1    -1    -1    -1    -1    -1    -1    -1    -1    -1    -1    -1    -1    -1 
   -1    -1    -1    -1    -1    -1    -1    -1    -1    -1    -1    -1    -1    -1    -1    -1    -1    -1    -1    -1    -1    -1    -1    -1    -1    -1    -1    -1    -1    -1    -1    -1 
   -1    -1    -1    -1    -1    -1    -1    -1    -1    -1    -1    -1    -1    -1    -1    -1    -1    -1    -1    -1    -1    -1    -1    -1    -1    -1    -1    -1    -1    -1    -1    -1 
   -1    -1    -1    -1    -1    -1    -1    -1    -1    -1    -1    -1    -1    -1    -1    -1    -1    -1    -1    -1    -1    -1    -1    -1    -1    -1    -1    -1    -1    -1    -1    -1 
   -1    -1    -1    -1    -1    -1    -1    -1    -1    -1    -1    -1    -1    -1    -1    -1    -1    -1    -1    -1    -1    -1    -1    -1    -1    -1    -1    -1    -1    -1    -1    -1 
   -1    -1    -1    -1    -1    -1    -1    -1    -1    -1    -1    -1    -1    -1    -1    -1    -1    -1    -1    -1    -1    -1    -1    -1    -1    -1    -1    -1    -1    -1    -1    -1 
   -1    -1    -1    -1    -1    -1    -1    -1    -1    -1    -1    -1    -1    -1    -1    -1    -1    -1    -1    -1    -1    -1    -1    -1    -1    -1    -1    -1    -1    -1    -1    -1 
   -1    -1    -1    -1    -1    -1    -1    -1    -1    -1    -1    -1    -1    -1    -1    -1    -1    -1    -1    -1    -1    -1    -1    -1    -1    -1    -1    -1    -1    -1    -1    -1 
   -1    -1    -1    -1    -1    -1    -1    -1    -1    -1    -1    -1    -1    -1    -1    -1    -1    -1    -1    -1    -1    -1    -1    -1    -1    -1    -1    -1    -1    -1    -1    -1 
   -1    -1    -1    -1    -1    -1    -1    -1    -1    -1    -1    -1    -1    -1    -1    -1    -1    -1    -1    -1    -1    -1    -1    -1    -1    -1    -1    -1    -1    -1    -1    -1 
   -1    -1    -1    -1    -1    -1    -1    -1    -1    -1    -1    -1    -1    -1    -1    -1    -1    -1    -1    -1    -1    -1    -1    -1    -1    -1    -1    -1    -1    -1    -1    -1 
   -1    -1    -1    -1    -1    -1    -1    -1    -1    -1    -1    -1    -1    -1    -1    -1    -1    -1    -1    -1    -1    -1    -1    -1    -1    -1    -1    -1    -1    -1    -1    -1 
   -1    -1    -1    -1    -1    -1    -1    -1    -1    -1    -1    -1    -1    -1    -1    -1    -1    -1    -1    -1    -1    -1    -1    -1    -1    -1    -1    -1    -1    -1    -1    -1 
   -1    -1    -1    -1    -1    -1    -1    -1    -1    -1    -1    -1    -1    -1    -1    -1    -1    -1    -1    -1    -1    -1    -1    -1    -1    -1    -1    -1    -1    -1    -1    -1 
   -1    -1    -1    -1    -1    -1    -1    -1    -1    -1    -1    -1    -1    -1    -1    -1    -1    -1    -1    -1    -1    -1    -1    -1    -1    -1    -1    -1    -1    -1    -1    -1 
   -1    -1    -1    -1    -1    -1    -1    -1    -1    -1    -1    -1    -1    -1    -1    -1    -1    -1    -1    -1    -1    -1    -1    -1    -1    -1    -1    -1    -1    -1    -1    -1 
   -1    -1    -1    -1    -1    -1    -1    -1    -1    -1    -1    -1    -1    -1    -1    -1    -1    -1    -1    -1    -1    -1    -1    -1    -1    -1    -1    -1    -1    -1    -1    -1 
   -1    -1    -1    -1    -1    -1    -1    -1    -1    -1    -1    -1    -1    -1    -1    -1    -1    -1    -1    -1    -1    -1    -1    -1    -1    -1    -1    -1    -1    -1    -1    -1 
   -1    -1    -1    -1    -1    -1    -1    -1    -1    -1    -1    -1    -1    -1    -1    -1    -1    -1    -1    -1    -1    -1    -1    -1    -1    -1    -1    -1    -1    -1    -1    -1 
   -1    -1    -1    -1    -1    -1    -1    -1    -1    -1    -1    -1    -1    -1    -1    -1    -1    -1    -1    -1    -1    -1    -1    -1    -1    -1    -1    -1    -1    -1    -1    -1 
   -1    -1    -1    -1    -1    -1    -1    -1    -1    -1    -1    -1    -1    -1    -1    -1    -1    -1    -1    -1    -1    -1    -1    -1    -1    -1    -1    -1    -1    -1    -1    -1 
   -1    -1    -1    -1    -1    -1    -1    -1    -1    -1    -1    -1    -1    -1    -1    -1    -1    -1    -1    -1    -1    -1    -1    -1    -1    -1    -1    -1    -1    -1    -1    -1 
   -1    -1    -1    -1    -1    -1    -1    -1    -1    -1    -1    -1    -1    -1    -1    -1    -1    -1    -1    -1    -1    -1    -1    -1    -1    -1    -1    -1    -1    -1    -1    -1 
   -1    -1    -1    -1    -1    -1    -1    -1    -1    -1    -1    -1    -1    -1    -1    -1    -1    -1    -1    -1    -1    -1    -1    -1    -1    -1    -1    -1    -1    -1    -1    -1 
   -1    -1    -1    -1    -1    -1    -1    -1    -1    -1    -1    -1    -1    -1    -1    -1    -1    -1    -1    -1    -1    -1    -1    -1    -1    -1    -1    -1    -1    -1    -1    -1 
   -1    -1    -1    -1    -1    -1    -1    -1    -1    -1    -1    -1    -1    -1    -1    -1    -1    -1    -1    -1    -1    -1    -1    -1    -1    -1    -1    -1    -1    -1    -1    -1 
   -1    -1    -1    -1    -1    -1    -1    -1    -1    -1    -1    -1    -1    -1    -1    -1    -1    -1    -1    -1    -1    -1    -1    -1    -1    -1    -1    -1    -1    -1    -1    -1 
   -1    -1    -1    -1    -1    -1    -1    -1    -1    -1    -1    -1    -1    -1    -1    -1    -1    -1    -1    -1    -1    -1    -1    -1    -1    -1    -1    -1    -1    -1    -1    -1 
   -1    -1    -1    -1    -1    -1    -1    -1    -1    -1    -1    -1    -1    -1    -1    -1    -1    -1    -1    -1    -1    -1    -1    -1    -1    -1    -1    -1    -1    -1    -1    -1 
   -1    -1    -1    -1    -1    -1    -1    -1    -1    -1    -1    -1    -1    -1    -1    -1    -1    -1    -1    -1    -1    -1    -1    -1    -1    -1    -1    -1    -1    -1    -1    -1 
   -1    -1    -1    -1    -1    -1    -1    -1    -1    -1    -1    -1    -1    -1    -1    -1    -1    -1    -1    -1    -1    -1    -1    -1    -1    -1    -1    -1    -1    -1    -1    -1 
   -1    -1    -1    -1    -1    -1    -1    -1    -1    -1    -1    -1    -1    -1    -1    -1    -1    -1    -1    -1    -1    -1    -1    -1    -1    -1    -1    -1    -1    -1    -1    -1 
   -1    -1    -1    -1    -1    -1    -1    -1    -1    -1    -1    -1    -1    -1    -1    -1    -1    -1    -1    -1    -1    -1    -1    -1    -1    -1    -1    -1    -1    -1    -1    -1 
   -1    -1    -1    -1    -1    -1    -1    -1    -1    -1    -1    -1    -1    -1    -1    -1    -1    -1    -1    -1    -1    -1    -1    -1    -1    -1    -1    -1    -1    -1    -1    -1 
   -1    -1    -1    -1    -1    -1    -1    -1    -1    -1    -1    -1    -1    -1    -1    -1    -1    -1    -1    -1    -1    -1    -1    -1    -1    -1    -1    -1    -1    -1    -1    -1 
   -1    -1    -1    -1    -1    -1    -1    -1    -1    -1    -1    -1    -1    -1    -1    -1    -1    -1    -1    -1    -1    -1    -1    -1    -1    -1    -1    -1    -1    -1    -1    -1 
   -1    -1    -1    -1    -1    -1    -1    -1    -1    -1    -1    -1    -1    -1    -1    -1    -1    -1    -1    -1    -1    -1    -1    -1    -1    -1    -1    -1    -1    -1    -1    -1 
   -1    -1    -1    -1    -1    -1    -1    -1    -1    -1    -1    -1    -1    -1    -1    -1    -1    -1    -1    -1    -1    -1    -1    -1    -1    -1    -1    -1    -1    -1    -1    -1 
   -1    -1    -1    -1    -1    -1    -1    -1    -1    -1    -1    -1    -1    -1    -1    -1    -1    -1    -1    -1    -1    -1    -1    -1    -1    -1    -1    -1    -1    -1    -1    -1 
   -1    -1    -1    -1    -1    -1    -1    -1    -1    -1    -1    -1    -1    -1    -1    -1    -1    -1    -1    -1    -1    -1    -1    -1    -1    -1    -1    -1    -1    -1    -1    -1 
   -1    -1    -1    -1    -1    -1    -1    -1    -1    -1    -1    -1    -1    -1    -1    -1    -1    -1    -1    -1    -1    -1    -1    -1    -1    -1    -1    -1    -1    -1    -1    -1 
   -1    -1    -1    -1    -1    -1    -1    -1    -1    -1    -1    -1    -1    -1    -1    -1    -1    -1    -1    -1    -1    -1    -1    -1    -1    -1    -1    -1    -1    -1    -1    -1 
   -1    -1    -1    -1    -1    -1    -1    -1    -1    -1    -1    -1    -1    -1    -1    -1    -1    -1    -1    -1    -1    -1    -1    -1    -1    -1    -1    -1    -1    -1    -1    -1 
   -1    -1    -1    -1    -1    -1    -1    -1    -1    -1    -1    -1    -1    -1    -1    -1    -1    -1    -1    -1    -1    -1    -1    -1    -1    -1    -1    -1    -1    -1    -1    -1 
   -1    -1    -1    -1    -1    -1    -1    -1    -1    -1    -1    -1    -1    -1    -1    -1    -1    -1    -1    -1    -1    -1    -1    -1    -1    -1    -1    -1    -1    -1    -1    -1 
   -1    -1    -1    -1    -1    -1    -1    -1    -1    -1    -1    -1    -1    -1    -1    -1    -1    -1    -1    -1    -1    -1    -1    -1    -1    -1    -1    -1    -1    -1    -1    -1 
   -1    -1    -1    -1    -1    -1    -1    -1    -1    -1    -1    -1    -1    -1    -1    -1    -1    -1    -1    -1    -1    -1    -1    -1    -1    -1    -1    -1    -1    -1    -1    -1 
   -1    -1    -1    -1    -1    -1    -1    -1    -1    -1    -1    -1    -1    -1    -1    -1    -1    -1    -1    -1    -1    -1    -1    -1    -1    -1    -1    -1    -1    -1    -1    -1 
   -1    -1    -1    -1    -1    -1    -1    -1    -1    -1    -1    -1    -1    -1    -1    -1    -1    -1    -1    -1    -1    -1    -1    -1    -1    -1    -1    -1    -1    -1    -1    -1 
   -1    -1    -1    -1    -1    -1    -1    -1    -1    -1    -1    -1    -1    -1    -1    -1    -1    -1    -1    -1    -1    -1    -1    -1    -1    -1    -1    -1    -1    -1    -1    -1 
   -1    -1    -1    -1    -1    -1    -1    -1    -1    -1    -1    -1    -1    -1    -1    -1    -1    -1    -1    -1    -1    -1    -1    -1    -1    -1    -1    -1    -1    -1    -1    -1 
   -1    -1    -1    -1    -1    -1    -1    -1    -1    -1    -1    -1    -1    -1    -1    -1    -1    -1    -1    -1    -1    -1    -1    -1    -1    -1    -1    -1    -1    -1    -1    -1 
   -1    -1    -1    -1    -1    -1    -1    -1    -1    -1    -1    -1    -1    -1    -1    -1    -1    -1    -1    -1    -1    -1    -1    -1    -1    -1    -1    -1    -1    -1    -1    -1 
   -1    -1    -1    -1    -1    -1    -1    -1    -1    -1    -1    -1    -1    -1    -1    -1    -1    -1    -1    -1    -1    -1    -1    -1    -1    -1    -1    -1    -1    -1    -1    -1 
   -1    -1    -1    -1    -1    -1    -1    -1    -1    -1    -1    -1    -1    -1    -1    -1    -1    -1    -1    -1    -1    -1    -1    -1    -1    -1    -1    -1    -1    -1    -1    -1 
   -1    -1    -1    -1    -1    -1    -1    -1    -1    -1    -1    -1    -1    -1    -1    -1    -1    -1    -1    -1    -1    -1    -1    -1    -1    -1    -1    -1    -1    -1    -1    -1 
   -1    -1    -1    -1    -1    -1    -1    -1    -1    -1    -1    -1    -1    -1    -1    -1    -1    -1    -1    -1    -1    -1    -1    -1    -1    -1    -1    -1    -1    -1    -1    -1 
   -1    -1    -1    -1    -1    -1    -1    -1    -1    -1    -1    -1    -1    -1    -1    -1    -1    -1    -1    -1    -1    -1    -1    -1    -1    -1    -1    -1    -1    -1    -1    -1 
   -1    -1    -1    -1    -1    -1    -1    -1    -1    -1    -1    -1    -1    -1    -1    -1    -1    -1    -1    -1    -1    -1    -1    -1    -1    -1    -1    -1    -1    -1    -1    -1 
   -1    -1    -1    -1    -1    -1    -1    -1    -1    -1    -1    -1    -1    -1    -1    -1    -1    -1    -1    -1    -1    -1    -1    -1    -1    -1    -1    -1    -1    -1    -1    -1 
   -1    -1    -1    -1    -1    -1    -1    -1    -1    -1    -1    -1    -1    -1    -1    -1    -1    -1    -1    -1    -1    -1    -1    -1    -1    -1    -1    -1    -1    -1    -1    -1 
   -1    -1    -1    -1    -1    -1    -1    -1    -1    -1    -1    -1    -1    -1    -1    -1    -1    -1    -1    -1    -1    -1    -1    -1    -1    -1    -1    -1    -1    -1    -1    -1 
   -1    -1    -1    -1    -1    -1    -1    -1    -1    -1    -1    -1    -1    -1    -1    -1    -1    -1    -1    -1    -1    -1    -1    -1    -1    -1    -1    -1    -1    -1    -1    -1 
   -1    -1    -1    -1    -1    -1    -1    -1    -1    -1    -1    -1    -1    -1    -1    -1    -1    -1    -1    -1    -1    -1    -1    -1    -1    -1    -1    -1    -1    -1    -1    -1 
   -1    -1    -1    -1    -1    -1    -1    -1    -1    -1    -1    -1    -1    -1    -1    -1    -1    -1    -1    -1    -1    -1    -1    -1    -1    -1    -1    -1    -1    -1    -1    -1 
   -1    -1    -1    -1    -1    -1    -1    -1    -1    -1    -1    -1    -1    -1    -1    -1    -1    -1    -1    -1    -1    -1    -1    -1    -1    -1    -1    -1    -1    -1    -1    -1 
   -1    -1    -1    -1    -1    -1    -1    -1    -1    -1    -1    -1    -1    -1    -1    -1    -1    -1    -1    -1    -1    -1    -1    -1    -1    -1    -1    -1    -1    -1    -1    -1 
   -1    -1    -1    -1    -1    -1    -1    -1    -1    -1    -1    -1    -1    -1    -1    -1    -1    -1    -1    -1    -1    -1    -1    -1    -1    -1    -1    -1    -1    -1    -1    -1 
   -1    -1    -1    -1    -1    -1    -1    -1    -1    -1    -1    -1    -1    -1    -1    -1    -1    -1    -1    -1    -1    -1    -1    -1    -1    -1    -1    -1    -1    -1    -1    -1 
   -1    -1    -1    -1    -1    -1    -1    -1    -1    -1    -1    -1    -1    -1    -1    -1    -1    -1    -1    -1    -1    -1    -1    -1    -1    -1    -1    -1    -1    -1    -1    -1 
   -1    -1    -1    -1    -1    -1    -1    -1    -1    -1    -1    -1    -1    -1    -1    -1    -1    -1    -1    -1    -1    -1    -1    -1    -1    -1    -1    -1    -1    -1    -1    -1 
   -1    -1    -1    -1    -1    -1    -1    -1    -1    -1    -1    -1    -1    -1    -1    -1    -1    -1    -1    -1    -1    -1    -1    -1    -1    -1    -1    -1    -1    -1    -1    -1 
   -1    -1    -1    -1    -1    -1    -1    -1    -1    -1    -1    -1    -1    -1    -1    -1    -1    -1    -1    -1    -1    -1    -1    -1    -1    -1    -1    -1    -1    -1    -1    -1 
   -1    -1    -1    -1    -1    -1    -1    -1    -1    -1    -1    -1    -1    -1    -1    -1    -1    -1    -1    -1    -1    -1    -1    -1    -1    -1    -1    -1    -1    -1    -1    -1 
   -1    -1    -1    -1    -1    -1    -1    -1    -1    -1    -1    -1    -1    -1    -1    -1    -1    -1    -1    -1    -1    -1    -1    -1    -1    -1    -1    -1    -1    -1    -1    -1 
   -1    -1    -1    -1    -1    -1    -1    -1    -1    -1    -1    -1    -1    -1    -1    -1    -1    -1    -1    -1    -1    -1    -1    -1    -1    -1    -1    -1    -1    -1    -1    -1 
   -1    -1    -1    -1    -1    -1    -1    -1    -1    -1    -1    -1    -1    -1    -1    -1    -1    -1    -1    -1    -1    -1    -1    -1    -1    -1    -1    -1    -1    -1    -1    -1 
   -1    -1    -1    -1    -1    -1    -1    -1    -1    -1    -1    -1    -1    -1    -1    -1    -1    -1    -1    -1    -1    -1    -1    -1    -1    -1    -1    -1    -1    -1    -1    -1 
   -1    -1    -1    -1    -1    -1    -1    -1    -1    -1    -1    -1    -1    -1    -1    -1    -1    -1    -1    -1    -1    -1    -1    -1    -1    -1    -1    -1    -1    -1    -1    -1 
   -1    -1    -1    -1    -1    -1    -1    -1    -1    -1    -1    -1    -1    -1    -1    -1    -1    -1    -1    -1    -1    -1    -1    -1    -1    -1    -1    -1    -1    -1    -1    -1 
   -1    -1    -1    -1    -1    -1    -1    -1    -1    -1    -1    -1    -1    -1    -1    -1    -1    -1    -1    -1    -1    -1    -1    -1    -1    -1    -1    -1    -1    -1    -1    -1 
   -1    -1    -1    -1    -1    -1    -1    -1    -1    -1    -1    -1    -1    -1    -1    -1    -1    -1    -1    -1    -1    -1    -1    -1    -1    -1    -1    -1    -1    -1    -1    -1 
   -1    -1    -1    -1    -1    -1    -1    -1    -1    -1    -1    -1    -1    -1    -1    -1    -1    -1    -1    -1    -1    -1    -1    -1    -1    -1    -1    -1    -1    -1    -1    -1 
   -1    -1    -1    -1    -1    -1    -1    -1    -1    -1    -1    -1    -1    -1    -1    -1    -1    -1    -1    -1    -1    -1    -1    -1    -1    -1    -1    -1    -1    -1    -1    -1 
   -1    -1    -1    -1    -1    -1    -1    -1    -1    -1    -1    -1    -1    -1    -1    -1    -1    -1    -1    -1    -1    -1    -1    -1    -1    -1    -1    -1    -1    -1    -1    -1 
   -1    -1    -1    -1    -1    -1    -1    -1    -1    -1    -1    -1    -1    -1    -1    -1    -1    -1    -1    -1    -1    -1    -1    -1    -1    -1    -1    -1    -1    -1    -1    -1 
   -1    -1    -1    -1    -1    -1    -1    -1    -1    -1    -1    -1    -1    -1    -1    -1    -1    -1    -1    -1    -1    -1    -1    -1    -1    -1    -1    -1    -1    -1    -1    -1 
   -1    -1    -1    -1    -1    -1    -1    -1    -1    -1    -1    -1    -1    -1    -1    -1    -1    -1    -1    -1    -1    -1    -1    -1    -1    -1    -1    -1    -1    -1    -1    -1 
   -1    -1    -1    -1    -1    -1    -1    -1    -1    -1    -1    -1    -1    -1    -1    -1    -1    -1    -1    -1    -1    -1    -1    -1    -1    -1    -1    -1    -1    -1    -1    -1 
   -1    -1    -1    -1    -1    -1    -1    -1    -1    -1    -1    -1    -1    -1    -1    -1    -1    -1    -1    -1    -1    -1    -1    -1    -1    -1    -1    -1    -1    -1    -1    -1 
   -1    -1    -1    -1    -1    -1    -1    -1    -1    -1    -1    -1    -1    -1    -1    -1    -1    -1    -1    -1    -1    -1    -1    -1    -1    -1    -1    -1    -1    -1    -1    -1 
   -1    -1    -1    -1    -1    -1    -1    -1    -1    -1    -1    -1    -1    -1    -1    -1    -1    -1    -1    -1    -1    -1    -1    -1    -1    -1    -1    -1    -1    -1    -1    -1 
   -1    -1    -1    -1    -1    -1    -1    -1    -1    -1    -1    -1    -1    -1    -1    -1    -1    -1    -1    -1    -1    -1    -1    -1    -1    -1    -1    -1    -1    -1    -1    -1 
   -1    -1    -1    -1    -1    -1    -1    -1    -1    -1    -1    -1    -1    -1    -1    -1    -1    -1    -1    -1    -1    -1    -1    -1    -1    -1    -1    -1    -1    -1    -1    -1 
   -1    -1    -1    -1    -1    -1    -1    -1    -1    -1    -1    -1    -1    -1    -1    -1    -1    -1    -1    -1    -1    -1    -1    -1    -1    -1    -1    -1    -1    -1    -1    -1 
   -1    -1    -1    -1    -1    -1    -1    -1    -1    -1    -1    -1    -1    -1    -1    -1    -1    -1    -1    -1    -1    -1    -1    -1    -1    -1    -1    -1    -1    -1    -1    -1 
   -1    -1    -1    -1    -1    -1    -1    -1    -1    -1    -1    -1    -1    -1    -1    -1    -1    -1    -1    -1    -1    -1    -1    -1    -1    -1    -1    -1    -1    -1    -1    -1 
   -1    -1    -1    -1    -1    -1    -1    -1    -1    -1    -1    -1    -1    -1    -1    -1    -1    -1    -1    -1    -1    -1    -1    -1    -1    -1    -1    -1    -1    -1    -1    -1 
   -1    -1    -1    -1    -1    -1    -1    -1    -1    -1    -1    -1    -1    -1    -1    -1    -1    -1    -1    -1    -1    -1    -1    -1    -1    -1    -1    -1    -1    -1    -1    -1 
   -1    -1    -1    -1    -1    -1    -1    -1    -1    -1    -1    -1    -1    -1    -1    -1    -1    -1    -1    -1    -1    -1    -1    -1    -1    -1    -1    -1    -1    -1    -1    -1 
   -1    -1    -1    -1    -1    -1    -1    -1    -1    -1    -1    -1    -1    -1    -1    -1    -1    -1    -1    -1    -1    -1    -1    -1    -1    -1    -1    -1    -1    -1    -1    -1 
   -1    -1    -1    -1    -1    -1    -1    -1    -1    -1    -1    -1    -1    -1    -1    -1    -1    -1    -1    -1    -1    -1    -1    -1    -1    -1    -1    -1    -1    -1    -1    -1 
   -1    -1    -1    -1    -1    -1    -1    -1    -1    -1    -1    -1    -1    -1    -1    -1    -1    -1    -1    -1    -1    -1    -1    -1    -1    -1    -1    -1    -1    -1    -1    -1 
   -1    -1    -1    -1    -1    -1    -1    -1    -1    -1    -1    -1    -1    -1    -1    -1    -1    -1    -1    -1    -1    -1    -1    -1    -1    -1    -1    -1    -1    -1    -1    -1 
   -1    -1    -1    -1    -1    -1    -1    -1    -1    -1    -1    -1    -1    -1    -1    -1    -1    -1    -1    -1    -1    -1    -1    -1    -1    -1    -1    -1    -1    -1    -1    -1 
   -1    -1    -1    -1    -1    -1    -1    -1    -1    -1    -1    -1    -1    -1    -1    -1    -1    -1    -1    -1    -1    -1    -1    -1    -1    -1    -1    -1    -1    -1    -1    -1 
   -1    -1    -1    -1    -1    -1    -1    -1    -1    -1    -1    -1    -1    -1    -1    -1    -1    -1    -1    -1    -1    -1    -1    -1    -1    -1    -1    -1    -1    -1    -1    -1 
   -1    -1    -1    -1    -1    -1    -1    -1    -1    -1    -1    -1    -1    -1    -1    -1    -1    -1    -1    -1    -1    -1    -1    -1    -1    -1    -1    -1    -1    -1    -1    -1 
   -1    -1    -1    -1    -1    -1    -1    -1    -1    -1    -1    -1    -1    -1    -1    -1    -1    -1    -1    -1    -1    -1    -1    -1    -1    -1    -1    -1    -1    -1    -1    -1 
   -1    -1    -1    -1    -1    -1    -1    -1    -1    -1    -1    -1    -1    -1    -1    -1    -1    -1    -1    -1    -1    -1    -1    -1    -1    -1    -1    -1    -1    -1    -1    -1 
   -1    -1    -1    -1    -1    -1    -1    -1    -1    -1    -1    -1    -1    -1    -1    -1    -1    -1    -1    -1    -1    -1    -1    -1    -1    -1    -1    -1    -1    -1    -1    -1 
   -1    -1    -1    -1    -1    -1    -1    -1    -1    -1    -1    -1    -1    -1    -1    -1    -1    -1    -1    -1    -1    -1    -1    -1    -1    -1    -1    -1    -1    -1    -1    -1 
   -1    -1    -1    -1    -1    -1    -1    -1    -1    -1    -1    -1    -1    -1    -1    -1    -1    -1    -1    -1    -1    -1    -1    -1    -1    -1    -1    -1    -1    -1    -1    -1 
   -1    -1    -1    -1    -1    -1    -1    -1    -1    -1    -1    -1    -1    -1    -1    -1    -1    -1    -1    -1    -1    -1    -1    -1    -1    -1    -1    -1    -1    -1    -1    -1 
   -1    -1    -1    -1    -1    -1    -1    -1    -1    -1    -1    -1    -1    -1    -1    -1    -1    -1    -1    -1    -1    -1    -1    -1    -1    -1    -1    -1    -1    -1    -1    -1 
